tap_start_at=2026-06-05T22:55:44.8045420+08:00 x=225 y=1480
tap_input_at=2026-06-05T22:57:22.3247154+08:00 x=584 y=1480
manual_input_text_at=2026-06-05T22:57:48.5981617+08:00 text=safe
tap_send_at=2026-06-05T22:57:50.0105654+08:00 x=405 y=1480
tap_send_corrected_at=2026-06-05T22:58:19.8247419+08:00 x=405 y=930
